Returns
[ 122.20019334  -80.13100222 -113.15333444 -117.16486809 -129.56321838
  -95.63717242 -119.06828184  -82.59784148  -70.97814943 -117.67326568
  -94.49453824  -78.38699532 -107.01493234 -133.93342779 -119.44258614
  -87.88315104  -91.25767396  -99.87741604  -91.89121882 -114.30772422
  -98.64409216 -130.59661607 -143.66782847  -87.8877627  -122.39058201
 -102.98381438  -54.00768774 -151.39569056 -121.0559498  -108.22457608
 -121.74187514  -74.7765652  -128.50136163 -112.21296101 -112.67972058
 -102.28155138  -94.76140082 -131.66274497 -125.5352807   -86.75095503
  -90.83180104 -107.4358372  -113.67390536  -67.66319991 -115.41762318
 -140.11519192 -136.20804756  -96.92922892 -147.62526127 -101.44944559
 -129.42284489 -116.32989542  -99.02812992 -103.11629702  -93.8131464
 -118.82390331 -111.41766248  -75.54478644 -102.77254483  -92.93906877
 -131.39708726  -72.24465371  -95.38112194  -99.82193794  -52.49006963
 -141.25890048  -56.2313157   -62.63612474  -73.30033765 -131.1610407
 -129.94095673 -120.97997939  -93.10261489  -86.89899349 -114.52066386
 -111.45876736 -114.96939235 -103.36070038 -101.39381175 -136.70358796
 -110.97189746 -130.95765231 -132.34421623 -156.80954598 -113.26301929
 -120.10036146 -139.23613427 -132.41733627 -137.93602296  -75.49953242
  -85.16975702 -120.23122883  -97.118295    -97.7056398  -102.76640078
  -98.58948322 -155.20984279  -46.57057091 -114.10800179 -140.66049718
 -129.48117505 -148.97349056 -121.09463806 -141.93066056 -106.73460678
  -70.78674953 -150.45030373 -120.80937795  -25.67190047 -130.97148696
 -104.25846918  -91.38601272 -125.76915419 -149.67857034  -77.64403737
  -16.69573669 -103.63805981 -110.59462268 -112.67427912 -113.28934062
  -70.5287478   -94.77867815  -74.86528171  146.24740641  -73.74611325
 -142.50264482 -160.52697171  145.84417496  -70.24368407 -131.6611507
 -121.36841074  -69.23925388 -120.71569134  -78.91128092  -45.64973742
 -112.4019764  -153.92460058 -130.85228313 -128.74319143 -106.27116645
 -138.75191869 -145.9580006   -65.50205283  -78.13524722 -127.9512349
 -100.08459802]
Lengths
[ 126  230 1075 1231  254  344 1551  447 1030  468  448 1029 1065 1220
  590  265  779  332  444  385   20  904  212  400  217  408  838  463
  419  148  152  880  317   49  322  710   97  157  264 1736 1127  286
  230  923  426  366  208 1087  170   51  623  473  266  187  188  797
   99  787  723  138  101 1275  289  466  745  125 1230  823  361  155
  827  307  250  149  575 1365  854 1076  432  543  540  211  881  194
  166  650  896  900  663  339  566  267  958  361   62  793  406  912
  800  239  441  930  631  467  416 1210  426  356 1142  567  992 1244
 1558 1258 1883 1820  649 2275 1960  215  871  242  459  731 1396 1843
  738  330 1689  812 1674  753  637 1739 1515  425 1255  501 1507 1724
  492  425  337  904  588 1078]
Losses
[2.46245280e-01 1.69879077e+03 9.35079651e+02 ... 5.80038500e+00
 1.02405500e+01 5.64615822e+00]
